ID,Name,Value,Unit
1,テスト,100,unit